80 0.499260 0.500556 0.131657 0.194444
0 0.074704 0.598333 0.035503 0.078889
0 0.035133 0.595556 0.019970 0.068889
0 0.019601 0.606667 0.017012 0.042222
0 0.138683 0.622778 0.021450 0.052222
0 0.103920 0.766111 0.048077 0.183333
0 0.182692 0.861111 0.059172 0.188889
0 0.259985 0.553889 0.014053 0.030000
0 0.896450 0.514444 0.016272 0.037778
33 0.236686 0.435000 0.023669 0.054444
33 0.215607 0.286111 0.024408 0.067778
33 0.354290 0.393333 0.020710 0.046667
33 0.470044 0.131667 0.070266 0.094444
33 0.810651 0.461667 0.029586 0.063333
